"Cis 3 ugml"	"Cis 10 ugml"	"Cis 30 ugml"	"NaCl"	"Cis Linear"	"Cis Quadratic"
"X54149..growth.arrest.and.DNA.damage.inducible..beta"	0.180317952131746	1.23528999651782	2.18763840089539	0.213089902501780	0.0753382467539488	0.145843146521423
"AV138783.."	0.422277358884805	2.64705610918474	3.85874627428358	0.490770569770044	0.13442594662112	0.32893911351554
"V00727..C.FOS"	0.125330478845657	1.01593209840267	2.27203328960246	0.297057183456844	0.0779127755472245	0.113157698362963
"AI848851..hypothetical.protein.MGC2827"	0.0131284534361484	0.426394231256075	0.771424813019419	0.00640980986242394	0.026500753594712	0.0471732285812924
"AI552922..Homo.sapiens..clone.MGC.23971.IMAGE.4714217..mRNA..complete.cds."	0.0314210948753788	-0.0949598806580256	-0.461187268526236	-0.550911357404227	-0.0159591460638181	-0.00669924654968111
"X68273..CD68.antigen"	0.0345951649472058	0.224274719859566	0.917666177055715	0.0506399651038856	0.0306879379580119	0.0177685228508543
"AB028272..DnaJ..Hsp40..homolog..subfamily.B..member.1"	0.87124245080797	1.8263003948181	1.20760714130806	-0.489184421720781	0.0414407478384635	0.264808251001040
"U35623..myeloid.cell.leukemia.sequence.1..BCL2.related."	0.491811515151987	1.60971570102224	0.966960632831338	1.10980174211683	0.0335392417152855	0.22081136318186
"AA615100.."	0.285290820011110	1.05396475166728	0.248309431207350	1.25174004307157	0.00892356399695022	0.146774411624896
"U88328..STAT.induced.STAT.inhibitor.3"	-0.0152563415670103	0.226899085511662	-0.129424042348769	0.666983441096874	-0.00345460374164557	0.0334585568823676
"AI047076..fidgetin.like.1"	-0.118474060940003	-0.40572144044133	-0.782610244366898	-1.24345951323858	-0.0275033799853336	-0.0533906089961336
"AW122337..ring.box.1"	0.247135201880642	0.861615657585166	0.820026229809207	0.254704927179062	0.0281764854444024	0.113874848241388
"AW046181..Serum.glucocorticoid.regulated.kinase..SGK."	-0.103812584638041	0.290800008723525	0.955506007969238	0.271216918737582	0.0330831780188175	0.0235472476644851
"U00937..growth.arrest.and.DNA.damage.inducible..alpha"	0.196298405946305	1.41027949438383	1.81862081917973	0.733870467993167	0.0643217207896495	0.179952853968636
"AI837010..pumilio..Drosophila..homolog.2"	-0.0252598980003990	-0.163508805221524	-0.904718152422347	0.0761332864750301	-0.0303394164132494	-0.0102790333809199
"AW122731..diaphorase..NADH...cytochrome.b.5.reductase."	-0.0829058542787642	0.119878139775346	0.152759067910482	0.128452653788914	0.0053958352200625	0.00977672106302275
"AI847051..CDK4.binding.protein.p34SEI1"	0.144080889655133	1.00423706746567	1.52053358691309	0.59467487105656	0.0548284447037371	0.132803884299655
"X74856..ribosomal.protein.L28"	0.095659795538572	0.215880972238431	0.128573697041667	0.100322446724492	0.00370696047345958	0.0275114531955977
"AI841579.."	0.218642021196488	0.697931498126393	0.467176593276368	-0.098372832173146	0.0169666168224993	0.0994993770012524
"AW124204..exosome.component.Rrp46"	-0.0840663986245481	0.0504143378467707	0.333972456591216	0.135443489810312	0.00957243843216633	-0.0106947437018645
"AW047866.."	-0.00460436484377211	0.135594718668054	-0.437347134042782	-0.849554052273478	-0.0151207111485618	0.0199107834059528
"AW050078..leukocyte.receptor.cluster..LRC..member.5"	0.0369106668964532	0.177282935094094	0.103404244806782	-0.221559258714376	0.00320841032226784	0.0215058032599544
"U57524..nuclear.factor.of.kappa.light.polypeptide.gene.enhancer.in.B.cells.inhibitor..alpha"	0.0876014562673645	0.204107802727481	0.00758504856767356	0.640062608087077	0.00118891512195915	0.0347991059903075
"AI837395..seryl.tRNA.synthetase"	-0.0663337510518132	0.216126795827683	0.529588717942594	0.372740058225563	0.0172840321706617	0.0141684044914053
"M22998..Glucose.transporter.type.1..erythrocyte.brain."	-0.143289235642104	-0.0431571812657934	0.0477857919823635	1.18089948120101	0.00506631847940188	0.00336587635898410
"AF055638..growth.arrest.and.DNA.damage.inducible..gamma"	0.0665086052408055	0.326408635506492	1.42732623387936	0.189499424548097	0.0483119133988336	0.0284343052805692
"AW060250.."	0.176094704902897	0.220238171465798	-0.768009066892804	-1.02011830082758	-0.0241706287263802	0.0547557059154061
"M37030..Homo.sapiens.serologically.defined.breast.cancer.antigen.NY.BR.24.gene..partial.cds."	-0.114899419229980	0.0680548213062589	0.0209517703103403	0.142703614824561	0.000948126989222966	0.00309428256809866
"AW121333..translocase.of.inner.mitochondrial.membrane.13..yeast..homolog.A"	-0.125575926208103	0.107983876353712	0.519434159989383	0.160979570873607	0.0168798429546960	-0.00275047791541726
"X75316..seb4D"	-0.0326345555480916	0.328109031085597	0.181901258232685	0.664137054576573	0.00460771594056005	0.0293149326034741
"AA832935.."	-0.00774786357360407	-0.602869064906341	-1.50073562415865	-0.25463147690241	-0.0512869689987835	-0.0612392562463575
"AI843521..hypothetical.protein.MGC1936..MGC1936...mRNA."	-0.0646638496626445	0.180117029903622	0.479448929450884	-0.0282771056295524	0.0155618568407937	0.0102099829105211
"AF088911..Serine.threonine.protein.phosphatase.4..Protein.phosphatase.X."	0.0291188250433588	0.366546948203543	0.100594256110148	-0.0560589676589341	0.00283355834551425	0.043278566394715
"AI181308..Homo.sapiens.HSPC262.mRNA..partial.cds."	-0.079977921266234	0.13616463887324	0.113619885272924	-0.1110676967104	0.00296117112952277	0.00687517865557099
"AI846182..HIPR_HUMAN....HUNTINGTIN.INTERACTING.PROTEIN.1.RELATED..HIP1.RELATED...HIP.12.."	-0.0313839850605505	-0.0677769158308498	-0.0291525962175248	0.229087052500830	-0.00115462821233831	-0.0106805651500563
"AF039405..arsA..bacterial..arsenite.transporter..ATP.binding..homolog.1"	0.0541485257044621	0.230554486100642	0.271661577652571	0.0834310547506176	0.00742194763381592	0.0198410702933993
"AI842326.."	0.029719126056838	-0.420908293266465	-1.3136526976711	-0.209988250071934	-0.0445673417994369	-0.0366708827320917
"U22399..cyclin.dependent.kinase.inhibitor.1C..p57..Kip2."	-0.0376917829412142	0.214051023815169	0.192951555560415	1.16166313593246	0.0066693348860077	0.0231148520462105
"L40934..Rab.acceptor.1..prenylated."	0.274278102638778	0.375008913497438	0.362074235005916	0.169287228215614	0.0104057160143278	0.0485775768115938
"D76432..transcription.factor.8..represses.interleukin.2.expression."	-0.246409064554375	-0.581369571500697	-0.422688725453749	-0.327489502891583	-0.0145069692923561	-0.0822638868782605
"AI848871..NADH.dehydrogenase..ubiquinone..1.beta.subcomplex..10..22kD..PDSW."	0.133568379385929	0.239726909212296	0.365927285275339	0.090185358149521	0.0106719912371870	0.0246094980426201
"X57687..lymphoblastic.leukemia.derived.sequence.1"	-0.769609284542246	-1.56741894417006	-1.38953030279302	-1.39536956694454	-0.0461017120617521	-0.217497781199539
"L15435..tumor.necrosis.factor..ligand..superfamily..member.9"	0.201255273442461	0.606650344706493	0.271629249790409	0.0580418002498696	0.00997782835589195	0.087508555297055
"AW122542..tyrosyl.tRNA.synthetase"	-0.0734574426039127	0.100508292573844	0.284140130995767	0.251311926104165	0.00988520450124276	0.00663626904977504
"AW123342..HSPC142.protein"	0.115649280138782	0.324263301905679	0.173699479216725	0.00100075093630031	0.00479337086623724	0.0394101239329241
"AI854043..putative.GTP.binding.protein.similar.to.RAY.RAB1C"	0.163264079935818	0.223755463122413	0.250794543951990	0.00720711590149318	0.00711100369661619	0.0272115945228907
"C76063.."	0.0965579059045459	-0.0946146142304752	-0.733208753871692	-0.745372487466343	-0.0241957996308295	0.00479307391683648
"AW124744..HSPC009.protein"	-0.117476526011719	0.117059813274278	0.460932517773084	0.0716052924357079	0.0142883915649168	-0.00356690539770602
"AI848107.."	-0.150844460922541	0.165394079718174	0.369844698589496	-0.270292352003245	0.0130208084379296	0.0106631211759316
"AW123269..anillin..Drosophila.Scraps.homolog...actin.binding.protein"	-0.221201439221757	-0.604930244351495	-1.07865301924375	-0.306641479533611	-0.0322730797892992	-0.0544226953386419
"AF005036..secretory.carrier.membrane.protein.3"	-0.0986524692333482	0.133995768142257	0.127351984004372	-0.00552119679648863	0.00381226357100233	0.00734601735640351
"AI842242..hypothetical.protein.FLJ12598"	-0.145481899169874	-0.0349386561109382	0.180735894992736	-0.264781708889362	0.00597606162369802	-0.0150858033971154
"D00472..cofilin.1..non.muscle."	0.236568629236182	0.44678334154045	-0.125395215565983	0.0921411810926061	-0.0048863663805425	0.0668680124247418
"AF071315..COP9.subunit.6..MOV34.homolog..34.kD."	0.206996700004747	0.588999948948299	0.413887195218879	0.428880221292049	0.0121982916823524	0.0711273571078883
"AA867646..homolog.of.yeast.MCM10..hypothetical.protein.PRO2249"	-0.0388527934315968	0.120138865528964	0.122224076027807	-0.541831509332323	0.00471842590117875	0.0143509128128872
"M31775..cytochrome.b.245..alpha.polypeptide"	-0.0860463130010119	0.0522803272923008	0.406614527957464	-0.044261798712274	0.0120676413877703	-0.0111980121216608
"AW047185..Thimet.oligopeptidase..Endopeptidase.24.15."	-0.139293592354447	0.0827116698594912	0.298117916982355	0.286217225122889	0.00872757934280226	-0.00748423084138407
"X51829..protein.phosphatase.1..regulatory..inhibitor..subunit.15A"	-0.053214813448511	0.194827668902771	0.83732625941739	0.327921436276296	0.0285406012826267	0.0130017377317341
"AI852725..COP9..constitutive.photomorphogenic..Arabidopsis..homolog..subunit.7A"	0.0966532457772808	0.118264643474523	-0.0103993091163825	-0.277057527642429	-0.00178849442281519	0.0130172527135150
"AW121217..Homo.sapiens.partial.mRNA.for.transport.secretion.protein.2.2...TTS.2.2.gene.."	-0.0186039005950452	0.044033855861589	0.0797889651100988	0.324612276314419	0.00243053405994011	0.00222426138591551
"AF026124..Phospholipase.D.homologue.11000567083112..celera."	0.00374961811600305	-0.0152492442821558	0.0740266760989517	-0.0322294113283167	0.00266334391381161	-0.00172983297785636
"AB012727..Homo.sapiens..clone.MGC.15887.IMAGE.3530481..mRNA..complete.cds."	0.182209852418355	0.324039887034356	0.230187698792671	0.0494353855930747	0.00728296723129041	0.0452999933179141
"AB025349..Breakpoint.cluster.region.protein..uterine.leiomyoma..1..barrier.to.autointegration.factor"	0.0604754176675575	0.242451207446871	0.416644978830051	0.179997587592818	0.0124021991361508	0.0204217394958148
"AI850893..general.transcription.factor.IIIA"	0.0159112298046589	0.164172771276593	0.535875090877544	0.0224523984156177	0.0168239196869987	0.00881479067538185
"AW122732..Down.syndrome.critical.region.gene.2"	0.110538150733042	0.126666116332425	0.566043445083703	-0.14680229999708	0.0161210781465205	0.000443931300434494
"AF030169..unc119..C.elegans..homolog"	-0.039934044378002	0.0042058046247548	0.240463195597695	0.082307243001507	0.00807949802705204	-0.00464928262506022
"AI844357..immature.colon.carcinoma.transcript.1"	0.220035434667682	0.239122003648181	0.336164319775093	-0.201058036280553	0.00753360966926726	0.0190231674191177
"AW060684.."	0.65856541962669	1.03509483539043	-0.328453592421182	2.50759224692807	-0.0116136617165183	0.166367007805163
"AI847056..neural.precursor.cell.expressed..developmentally.down.regulated.8"	0.154316503049997	0.45004873984413	0.371745758803762	0.362037628333745	0.0107358005990132	0.0512116749068341
"AF080469..Glucose.6.phosphate.transporter..G6PT."	-0.0423882625180292	0.186968695065019	0.0868072387503827	0.154450597938220	0.00269141352040577	0.0187467106529596
"U18372..CD37.antigen"	-0.0149080972522801	0.125877254360991	0.0327052154486612	0.108046181070591	-6.5564961252672e-05	0.00864839255123555
"Z72486..polymerase..DNA.directed...delta.2..regulatory.subunit..50kD."	-0.115799816510571	-0.0121594877744096	0.302101166484809	0.0808689483552826	0.00942788933227226	-0.0152293817078666
"AF028722..hypothetical.protein.FLJ20189"	-0.0586512188864495	-0.0642411798130293	-0.412141526544529	-0.368817546679086	-0.0138163080918286	-0.00598308498651003
"AW211207..CGI.18.protein"	-0.0818976782026463	0.208391143795555	0.346590011264791	0.226265919378465	0.0114903448733704	0.0163756815625785
"AW048446..hypothetical.protein.FLJ20550"	-0.0956132950695994	0.040633552552488	0.109685401811789	0.0852552427170937	0.00368944887083687	-0.00154808354380668
"L11316..hypothetical.protein.FLJ10461"	-0.286532278879285	-0.631170914847607	-0.694292271558324	0.118011509498606	-0.0206587132847169	-0.0725136213851042
"AW125498..Rho.GDP.dissociation.inhibitor..GDI..alpha"	-0.0751394683631633	0.198669635443569	0.0259916956880484	0.260376015222509	0.000774446424784025	0.0197784402483621
"AW124972.."	0.207429095593536	0.520099927010787	0.591651294521277	0.189977390148167	0.0201267727965118	0.070113481700865
"AW047399..hypothetical.protein.FLJ20312"	-0.249027875338329	-0.386438400536196	-0.867809962069263	-0.572106151009314	-0.0271183092418974	-0.0409657928805026
"X75927..ATP.binding.cassette.transporter.2..ABCA2...KIAA1062...fragment."	0.00228445453419361	-0.0473177346604688	-0.0119301765374434	0.0433451967384949	-0.000876774922010073	-0.00798737515118526
"U20735..jun.B.proto.oncogene"	0.238386114846929	0.927624339792454	0.315994266947455	0.471262627746294	0.0114915742127109	0.129084969731940
"AF004927..Sigma.opioid.receptor.type.I"	-0.131231736272753	-0.142221308369006	-0.37252296508349	-0.875065465147344	-0.0144314631834630	-0.0298737943100435
"AI844359..hypothetical.protein.FLJ22059"	0.244167700540383	0.488336531592803	-0.349244311558061	0.240848035115733	-0.0113200042150361	0.0806413445847263
"AI848699.."	0.0116265900154074	0.0925752704508417	0.147951708049226	-0.192024423228266	0.00426881743517617	0.00684227252180416
"AI854876..double.C2.like.domains..alpha"	0.093523139198451	0.256708338151175	0.210784370544063	-0.0312149958485623	0.00646696381523403	0.0314498166606721
"AI853960.."	-0.0826080633115311	-0.0207366716544765	0.122846214362588	0.127462962178980	0.00326114850182564	-0.0129684265368281
"AI848730..hypothetical.protein.MGC4549"	0.124066220831008	0.261184343259603	0.406886460799843	-0.169764397941425	0.0121570977615391	0.0267931492276582
"AW122332.."	-0.0456673775863518	-0.25367362868466	-0.780753975335145	-0.883481641094648	-0.0281755294838516	-0.0341256740855602
"AA982714..Beta.adrenergic.receptor.kinase.1..ARK.1...GRK2."	-0.211063883410495	-0.0317978039902663	0.258427187658304	0.106194086080813	0.00948711048517501	-0.0147866608836679
"AI842600..hypothetical.protein.MGC5627"	0.129688055722996	0.242700486300005	0.444777897395346	0.150226179254662	0.0131421826625282	0.0228994961501895
"AW045596..Homo.sapiens.mRNA.for.KIAA1483.protein..partial.cds."	-0.0818388837130233	0.0197909862985251	-0.0243206683905908	0.483447941716077	-0.00128223412139998	-0.00406349634447589
"U93050..poly.A..binding.protein..nuclear.1"	0.092985101062797	0.262341164916908	-0.222426604333175	-0.0474420832048567	-0.00830542059627912	0.0363954029392440
"AW050056..hypothetical.protein.FLJ22059"	0.158838269651655	0.474772660709417	-0.301502718406985	-0.0363864621259346	-0.00974173402106573	0.0735291134336363
"Y11905..B.cell.CLL.lymphoma.7C"	0.306364554004393	0.403210695899641	0.124876766928125	0.0301819679543681	0.00205577514509931	0.0548958398510488
"AI854235..hypothetical.protein.MGC5627"	0.156563080329053	0.389296574088775	0.512261324464775	0.162269896589276	0.0156162901973112	0.0428282731770748
"AI846994..hypothetical.protein.MGC2479"	-0.186680880821726	-0.0242634098748065	0.241579362124921	0.133015104603646	0.00867110575660952	-0.013540304296229
"X61399..macrophage.myristoylated.alanine.rich.C.kinase.substrate"	0.0995887477261956	0.724405380791905	0.251165524014627	-0.0845756761398204	0.00760671458266075	0.088434383835879
"AW121613..hypothetical.protein.GL009"	0.00115353521253854	-0.113585106675127	-0.197940567507917	-1.03762858884391	-0.0086536994938137	-0.0216047998187519
"Y11460..integrin.beta.4.binding.protein"	-0.0436364376022472	0.367898171969634	0.605303024428325	0.0472342426641647	0.0193063918371333	0.0307833789810238
"AF091432..cyclin.E2"	0.336092904554856	0.955046533508918	0.143320250762294	-0.102510562207238	0.00504604530694449	0.136815017898798
"AI265210..zinc.finger.protein.297"	-0.139270670334867	-0.396986423994029	-0.531127415047583	-0.266366175814406	-0.0185104979440248	-0.0538527836268732
"AI852553..thymosin..beta.10"	0.222844501971459	0.377416384333761	0.447403374334621	0.393016529639093	0.0134403495371046	0.0458214769321199
"AI844999..divalent.cation.tolerant.protein.CUTA"	-0.099575087760532	0.0738187736031402	0.174186770222158	0.00880896316760329	0.00586674074644487	0.00161829745551555
"X63440..Protein.tyrosine.phosphatase.G1..PTP.PEST."	0.0208844448275174	-0.00998765830858069	-0.223476136368944	0.0283547648102891	-0.00718635302080592	0.00427425793364913
"AW125510..Homo.sapiens..clone.IMAGE.3898275..mRNA..partial.cds."	-0.00124138807151036	-0.173489093589493	-0.732111035052669	-0.229034765751378	-0.0248504987984048	-0.0138764424029727
"AI648925..dTDP.D.glucose.4.6.dehydratase"	-0.110943669719374	-0.0317566655246065	-0.0384264700481025	-0.533486553347113	-0.000859620892065499	-0.00744803538068552
"U88325..JAK.binding.protein"	0.0187835077107510	0.0674819581431328	-0.540712144975577	-0.292917946887018	-0.0197824307713440	0.00807899455316229
"AI852829..megakaryoblastic.leukemia..translocation..1"	-0.0364923673155008	-0.284552243916344	-0.322925421808546	-0.170148843596509	-0.0109426360189616	-0.0339101240190035
"AA615853..hypothetical.protein.MGC14833"	-0.09844032158747	0.309379710124685	0.72400748513545	0.50474810318194	0.0236065616957088	0.0205612456749749
"AI842328.."	0.173355949178617	0.578067624176119	0.117185700202578	0.279300759387277	0.00280783112004292	0.0744580332426114
"U37799..CD36.antigen..collagen.type.I.receptor..thrombospondin.receptor..like.1"	-0.234408898080462	-0.161979279398583	0.314367732889055	0.182928755109865	0.0108666922349208	-0.035462462409271
"AA760339..disrupter.of.silencing.10"	-0.164024522199861	-0.136012673721408	0.0142843091570568	-0.638578456717485	0.00103839191541737	-0.0233742757202108
"AW121767..hypothetical.protein.MGC13186"	-0.0878354238188027	0.128036216739353	0.368829330358431	0.149271805199644	0.0116957224022190	0.00307126944010371
"AW049387..ADP.ribosylation.factor.like.2"	-0.147923900801452	0.0496880274236206	0.251793249737483	0.171860364395866	0.00870132378905047	-0.00388049502283520
"D43643..transcription.factor.like.1"	-0.0401029382680168	0.0762612890862587	0.150796025454585	-0.133663219664936	0.00482173721170202	0.00420073212864455
"AV244043.."	-0.0336214552116803	-0.238833974973722	-0.0899989747885717	-0.0742816740882993	-0.00330556475408933	-0.0318795917349771
"AA623379.."	-0.0159829944406641	-0.189524386154274	-0.229110883171285	-0.359858627766599	-0.00721637901829865	-0.0192486944729627
"AI854602.."	-0.0638995120332867	-0.262780480000632	-0.428559898692534	-0.248909482920009	-0.0147587426746478	-0.0327339795171573
"X61172..Alpha.mannosidase.II"	-0.136243611185794	-0.316647898172261	-0.532668047817742	-0.219464207745841	-0.0184179737574978	-0.0429460662925935
"U79962..TAR..HIV..RNA.binding.protein.2"	-0.00200667870384885	0.0566292922535842	0.0186871983506308	-0.28096285807788	0.000891618222003436	0.0080220634000268
"AV049751.."	0.430241539115398	0.256654299045006	0.148527076685748	0.000139538274671135	0.0018045318870676	0.0379801370194582
"AW125378..angio.associated..migratory.cell.protein"	-0.144098593710843	0.091505058291664	0.301347668947784	0.0434026887016121	0.0107093512675966	0.00263231363602913
"AW060179.."	0.245776054721659	0.532443040759831	0.130960134140126	-0.396359891612168	0.00372672367026584	0.0748713626653569
"AB021743..Protein.phosphatase.2A.65.kDa.regulatory.subunit.alpha"	-0.193330124618057	-0.00510667434597919	0.106970484845862	-0.158804179063340	0.00424509375866744	-0.00937674481613303
"AF109906.."	-0.0525812925429785	0.126043310957636	0.270057037691596	0.537829731724021	0.009348800260324	0.0108258088577309
"AI849566.."	0.246687034419741	0.130189140922130	-0.0704244926747069	-0.0300536687058131	-0.00505470842134606	0.0172958134393999
"AW121180.."	0.0331096330491266	0.0632284493896648	0.129669407999465	-0.792721285559204	0.00510701346400941	0.0118305676408841
"AI845854..KIAA0632.protein"	0.155414787044053	0.572730188822372	0.56109568504476	0.118463936109321	0.0194422873515257	0.0758792203233175
"AW121992.."	-0.134054355418339	0.0413198608532295	0.554434732689999	0.00866133860105787	0.0181382267248359	-0.0115401543265346
"Y17808..A6.related.protein"	0.095722303922857	0.190739468118663	0.212715326372756	-0.189748824639725	0.0064314760613494	0.0228341898185544
"AF110520.."	0.00413111576410696	0.0304733568490589	0.147872813952947	-0.00206241494194523	0.00405817382667786	-0.0023374780160804
"AI844250..hypothetical.protein.MGC3181"	-0.0929385828430457	0.321717439368319	0.194623101219174	0.171325610245931	0.00622864790645829	0.0309789867666124
"D10627.."	-0.0815835935356208	0.0340700875038209	-0.446266650656622	-0.872214272878285	-0.0145398182479925	0.00752056973684986
"AI848841.."	0.0204703319831222	-0.397527163047231	-0.5255128717892	-0.0854819020273608	-0.0186758146634868	-0.0469437910514432
"AF013490..Protein.tyrosine.phosphatase.MEG2"	-0.0774817963940212	-0.219915799022775	-0.404925946047553	-0.250188864510841	-0.0137767440132708	-0.027502579772484
"AI846060..likely.ortholog.of.mouse.zinc.finger.protein.Zfr"	-0.115400879005942	-0.227112845123425	-0.460693701763251	-0.758796695684849	-0.0133438938022416	-0.0183161364322595
"AV218217..Mitochondrial.citrate.transporter.protein"	-0.181539371473998	-0.00233519269612489	0.276724682480781	0.246964595278454	0.00990462963787168	-0.010698768276092
"AW060324..double.C2.like.domains..alpha"	-0.0850055963719087	0.201498164363774	0.453317248917139	-0.106578889460677	0.0127066894719959	0.00222935652002289
"AI851810..NADH.dehydrogenase..ubiquinone..1.beta.subcomplex..7..18kD..B18."	0.104423372279791	0.308689469226048	0.287260902892059	0.255034249254923	0.00882964005494323	0.0365475756233074
"AI847162..myo.inositol.1.phosphate.synthase.A1"	-0.240975842950594	-0.0444157056793168	0.330748401613418	0.140313474716191	0.0111250299651865	-0.0228439906866251
"D78382..transducer.of.ERBB2..1"	0.703441754220498	1.96739917038529	1.85017993054098	1.10679329487218	0.0668360745132645	0.284128592665024
"AA710907..hypothetical.protein.MGC3196"	-0.0717552936560558	0.177938268351097	0.242412440098282	-0.0128632274405695	0.00891528098693422	0.0190373662940708
"AI838576.."	0.271309267852781	0.066936814648123	-0.281270942761344	-0.131531835606126	-0.0110494171636478	0.0188087194795013
"X78682..prohibitin"	-0.140696181656175	0.186278466359998	0.497453593002642	0.0958157780883317	0.0154189450780810	0.00283879981548508
"AW123271..DKFZP564O243.protein"	-0.0106028738862855	0.0255380667420106	0.320163115845152	0.153580060584291	0.0107800187759209	-0.00124811878329839
"AI853575..mitochondrial.ribosomal.protein.S2"	-0.217168604281513	-0.423269427192892	-0.534925110438423	-0.686827672092845	-0.0186603224096916	-0.0614840553649332
"AW125294.."	0.281962724469847	0.512086563093021	-0.0710790020762697	-0.341774257637703	-0.00290801702806351	0.077593813602373
"AI788018..Homo.sapiens..clone.IMAGE.3461987..mRNA..partial.cds."	0.0811648730470364	-0.0792402377303327	-0.274247692356639	-0.142943331634509	-0.00900323201871202	-0.000949268731101129
"AI835392.."	0.107238733211736	0.319895465132077	0.227782137108924	-0.218720709206035	0.00621530087437614	0.0357665670056232
"D84096..Ubiquitin.carboxyl.terminal.hydrolase.14"	-0.197452107151172	-0.209299699769731	-0.355247318348465	-0.628354119210146	-0.0118739954537712	-0.0322468611413258
"AF041060.."	0.0232477364173337	-0.101629618460879	-0.609114995255802	-0.583067259469254	-0.0206570147392562	-0.00479609517543727
"AW120727.."	-0.21209088185663	-0.0627766938867103	0.0304919295934732	-0.0643915667055809	0.00226108607044058	-0.0137305249741864
"AI836883..ADME..Carboxylesterase.homologue.3538709CD1"	-0.182895943393376	0.0136944160608575	0.288348978813912	0.40365424180194	0.0107246491302405	-0.00678332033317832
"AA981154.."	0.218254279934269	-0.239573971000548	-1.69188763805557	-0.114679204819308	-0.0561865203310793	0.00639864834090051
"AA790056.."	0.00558135619902343	0.200795775718200	0.0822546826158002	0.251372582676931	0.00301981209526846	0.0255661032166777
"AI839522..hypothetical.protein.MGC4293"	-0.200051341643638	0.0189660228211072	0.318276170776735	-0.314588621866722	0.00944576513857642	-0.0188164480384890
"AV305832.."	-0.0150871540402703	0.436473656010199	0.553955553616547	-0.439096863879302	0.0214969573323029	0.0610260235537128
"AI840094.."	0.0092298558491571	0.21506079892538	0.246244232553933	0.0517476061647316	0.00774956869702743	0.0216324718634474
"AV115284..Mitogen.activated.protein.kinase.kinase.kinase.11..MAP3K11...Mixed.lineage.kinase.3."	0.098694958041039	0.151823748363439	-0.0913388733750735	0.0505173025718989	-0.00337635823909558	0.0239425160551197
"U00978..IMP.dehydrogenase.type.1"	-0.176964487739767	0.0852458499609833	0.0973470081639757	0.0295056324564325	0.00270354106810261	-0.00317152988564332
"AI840035.."	-0.0278238869425323	0.125794677475121	0.165078392940072	0.00992685468214132	0.00346521288067631	0.00172523602415011
"AW122271..hypothetical.protein.FLJ12442"	-0.150226241067700	0.236390662500735	0.50017177423677	0.310791944140959	0.0172740334874247	0.0173002865639282
"AI854851.."	0.0510526048488656	0.379951282721206	0.272947361193349	-0.614321577291329	0.0107563813267826	0.0546412697840182
"AI847650..HT002.protein..hypertension.related.calcium.regulated.gene"	-0.154955684142232	-0.404585483965511	-0.542265373243083	-0.511894695476965	-0.0198948507008074	-0.0605553452695017
"U22445..RAC.beta.serine.threonine.kinase..AKT2.kinase."	-0.0548364828199146	0.0773728472929164	0.0625823415346233	0.116019961601828	0.00212191387218639	0.0059316969851526
"M36514.."	0.109824610834756	0.330363011861933	-0.650357357433788	-0.503128256415111	-0.0207447730251637	0.0607339878558368
"AJ009862..transforming.growth.factor..beta.1"	-0.0746352937669886	-0.0490482157506529	0.24167429199696	0.121964656479419	0.0076203777776231	-0.0156964091647956
"AW045564.."	-0.00644261059289027	0.130801344200427	-0.169139024115852	0.121864144159809	-0.00439159597636661	0.0244494606314591
"X98475..vasodilator.stimulated.phosphoprotein"	-0.202469143235537	-0.0308799824146973	0.210591334320264	0.134244447166573	0.00680478648061058	-0.0189599498266719
"AI835152..brain.and.reproductive.organ.expressed..TNFRSF1A.modulator."	-0.2972092551664	-0.217162582968584	0.369025714218073	-0.0175902060315692	0.0132612021294594	-0.0436927630899568
"AA597246..replication.factor.C..activator.1..2..40kD."	-0.165805001464106	-0.0117298794267063	0.416223262812295	0.170474906339395	0.0148456597405156	-0.0114601911043847
"AF062378..hypothetical.protein.FLJ10549..FLJ10549...mRNA."	-0.445873136594786	-0.371041932137350	-0.380239678777371	-0.159941699613091	-0.00802150765009775	-0.0424114806500502
"AI849232.."	0.00288121234915267	0.173441587045118	0.167535543614846	-0.389871264337565	0.00508948407959124	0.0169960206834126
"AW124483..hypothetical.protein.STRAIT11499"	0.000669439493956053	-0.0285884847286387	-0.275556222777146	-0.259419954538225	-0.0092894786531711	-0.000271541416179908
"AI836109..SECRETED.ENZYME..Hydrolase.homologue.2880964CD1..incyte."	-0.0671913448012933	-0.0442682745268589	-0.217308467518997	-0.541049044076252	-0.00804668025167278	-0.0102416060578901
"AF033201..cleavage.and.polyadenylation.specific.factor.4..30kD.subunit"	-0.0688676491153892	0.143977038661110	0.22908858529529	-0.0736594574665634	0.00752671805271121	0.0104484378998936
"U29055..guanine.nucleotide.binding.protein..G.protein...beta.polypeptide.1"	0.115662167376667	0.41504147479871	0.172815125574582	-0.141862511102696	0.00541842407685094	0.053983879559068
"AI839839.."	-0.0416499712636374	0.0535678430241618	0.382669263872372	-0.247110951738452	0.0114169656005254	-0.00752774581960955
"X51703.."	0.0141325780289463	0.0787390684620781	0.130483290128091	-0.429288619804633	0.00500177484743605	0.0120451320940804
"AI843586..splicing.factor..arginine.serine.rich.9"	0.0798498766337262	0.289070959640417	0.132437627152621	0.222911308071012	0.00356733972177367	0.034362802818278
"AW123518..actin.related.protein.2.3.complex..subunit.4..20.kD."	-0.000938015087753145	0.233491768221175	0.192487785437318	0.340559138395446	0.00645607922365453	0.0265834103273912
"AW125116..polymerase..RNA..II..DNA.directed..polypeptide.F"	0.212610327873125	0.336061941499788	0.2851036471568	0.0929568523300303	0.00718107251763607	0.0381004954831413
"AF006492.."	-0.430502997726983	-0.473702046752121	-0.326652389391026	-0.209274403867249	-0.0110225637582939	-0.07891372894702
"AA967717..mesenchymal.stem.cell.protein.DSC92"	0.049098870768584	0.212789421285235	-0.172960693394327	-0.89468012751186	-0.00596493718870082	0.0305728869099857
"U42383..Protein.phosphatase.2C.gamma"	-0.201328251275574	0.102208973851879	0.0238765813869121	-0.237704342771607	-0.00107052823756649	-0.00799499132726702
"AI847097..phosphotidylinositol.transfer.protein..beta"	0.0224639461113211	0.239749980115125	0.121118432033266	-0.199244125940682	0.00419539358058919	0.0302183481157275
"AW121773.."	0.0681035648620956	-0.0769800314209708	-0.14048874540082	-0.0202046162224141	-0.00444288142616921	-0.00271165080043147
"AI467390..hypothetical.protein.FLJ23338"	-0.244186001483291	0.034845064172871	0.296192000258268	0.023928105862316	0.00926775909235395	-0.0161920249259475
"AI844664..ras.related.GTP.binding.protein.4b..RAB4B...mRNA."	-0.0471675624733368	0.0232543727680313	0.167990750965462	0.103657349914107	0.00627667944446202	0.00136667279407518
"U04379..Tyrosine.protein.kinase.ZAP.70"	-0.188997249849906	0.0693862736231379	0.345472797647125	0.0105275320357349	0.0101284683557013	-0.0134160699669295
"AA726383..Leucine.aminopeptidase.homolog..geneseqp."	-0.0729285369876648	0.101500766432828	0.100848185576194	-0.083067368402744	0.00145875785092507	-0.00223778618075455
"AI844737..DR1.associated.protein.1..negative.cofactor.2.alpha."	0.137019290226142	0.486199116933853	0.433999853995033	0.173034310295254	0.0131318964211734	0.0555050115250259
"AJ006972..target.of.myb1..chicken..homolog"	-0.106191491275018	-0.00369717165265912	0.122661440926065	0.143381515463274	0.00414303135332864	-0.00772340308402043
"AI849500..protein.predicted.by.clone.23627"	0.132005198552796	0.249941446225796	-0.234674213781293	-0.447648734258461	-0.00931991442465732	0.0341523482033045
"L37296..BCL2.antagonist.of.cell.death"	0.160336859109460	0.197446114185608	0.196217785113467	-0.0627480034392907	0.00606532330811407	0.0283726353514166
"AW122807..A2A2_HUMAN....ADAPTER.RELATED.PROTEIN.COMPLEX.2.ALPHA.2.SUBUNIT..ALPHA.ADAPTIN.C...CLATHRIN.ASSEMBLY.PROTEIN.COMPLEX.2.ALPHA.C.LARGE.CHAIN...100.KDA.COATED.VESICLE.PROTEIN.C...PLASMA.MEMBRANE.ADAPTOR.HA2.AP2.ADAPTIN.ALPHA.C.SUBUNIT...HUNTINGTIN.INTER"	-0.0853401859231943	-0.0092435450739655	-0.001934689757195	0.125231637601011	0.000701039107624058	-0.00201854735112235
"AF030635..FK506.binding.protein.8..38kD."	0.0402718616251485	0.182061373045845	0.196046634522793	0.124018911290214	0.00611071549884295	0.0200936348170005
"X15986..lectin..galactoside.binding..soluble..1..galectin.1."	0.229589473725420	0.45420078339822	0.617211656510676	0.255930968096979	0.0166300251561506	0.0411293531254064
"AW049735..HBV.associated.factor"	-0.0568632386468628	0.155731391975018	0.170301428499533	0.0328492755843413	0.00498254235167239	0.0104674683379959
"AW123338..FXYD.domain.containing.ion.transport.regulator.6"	0.244937099617592	0.581786368807681	0.662370177080749	0.101001945800328	0.0222455109373014	0.0777065076726167
"AI843986.."	0.028683331679182	0.212677642801310	0.268252621441802	0.106466879635227	0.00846046474937456	0.0219942000595246
"AW125562..hypothetical.protein.MGC2633..MGC2633...mRNA."	-0.237618796648160	-0.0328838308340335	0.364982073784774	-0.0395039817644035	0.0112836379001852	-0.0265832666554352
"AW048854.."	-0.159120689639095	-0.141129001961378	-0.539699787171357	-0.178754361335994	-0.0165414479519182	-0.0117487902723187
"AV250428.."	0.155996921125819	-0.0429874147093421	-0.342603803065241	-0.0443236354528794	-0.0113981816748914	0.00804612367779923
"AV305987.."	-0.192684765050149	-0.366356025259571	-0.295663333654697	-0.0587359245898932	-0.00796850512315101	-0.0427970360636612
"AI036466..Phosphatidic.acid.preferring.phospholipase.A1..incyte."	-0.0211770806809520	-0.146000666388147	-0.412736289278192	-0.326129873300354	-0.0144105438527127	-0.0169478327630407
"X65026..guanine.nucleotide.binding.protein.like.1"	-0.158810644589284	0.216338623413631	0.240036794291487	0.213975824497788	0.00874320731768204	0.0185881948362051
"D01034..TATA.box.binding.protein"	-0.111295274066666	-0.0777884355993208	-0.280817403867452	-0.358759738413958	-0.00892822403149814	-0.00982698448086153
"AW124101.."	0.0890738042432144	0.224432509257125	-0.236643684928502	-0.384665800367625	-0.00771225497057415	0.0369672507000525
"AI839362.."	-0.0653015621680672	0.147214753079852	-0.0510129813348055	0.0701575828593206	-0.00175723290631394	0.0151431284548303
"AI662095.."	0.0483612617632189	-0.0371112182983679	-0.121153316818793	-0.0262710488975009	-0.00419745553523912	-0.00108797140261846
"AI117236..hypothetical.protein.MGC12959..MGC1295...mRNA."	-0.0653894234378139	0.123998995872996	0.187414988738807	-0.0151388575867950	0.00706811280599659	0.0133559252956815
"AW060257.."	0.0586355963062468	0.206822256231704	0.286578037410141	-0.0441709783890747	0.00869499093434758	0.0207923788732507
"AF023482..HS1.binding.protein"	0.0814420393046603	0.295882242366889	0.429162665230278	0.00661227983260476	0.0143474804380248	0.0356666462218789
"AJ130961..ubiquitin.conjugating.enzyme.E2L.3"	-0.0072582920109578	0.146278172152711	0.104039463703040	0.0194371451581505	0.00347453983628418	0.0164210720559797
"AW209414.."	0.160214662466337	0.323595431544207	-0.254499563568459	-0.582288901549035	-0.00953413845865061	0.0473728243105679
"AW047811.."	0.0769193333449021	-0.111309678157555	-0.69503636270245	-0.34042546115961	-0.0222870887475956	0.00427738593355770
"AA589431.."	-0.0470368110573511	-0.134835609310559	0.160921511676448	0.0854780875755636	0.00512896319729733	-0.0227531253560828
"AI840996..selenoprotein.X..1"	0.0664976337374388	0.0733643263359619	0.380912341238292	-0.0994627087767286	0.0133227525562883	0.0107043464119555
"AW048075..hypothetical.protein.MGC11308"	-0.0096167792359894	0.143897776327556	-0.294508516203785	-0.515082451953225	-0.0098465917337395	0.0212671986280473
"AV175719..development.and.differentiation.enhancing.factor.1"	-0.0888103038597604	-0.283502475178085	-0.240351997520632	-0.111906924073481	-0.00821957849749252	-0.0379402615008728
"NA..NA"	0.670354893591587	0.639438910442072	0.140672575340803	-0.212186838630061	-0.00128231466904694	0.0849197794537617
"AB024713..mannose.P.dolichol.utilization.defect.1"	-0.104893918497924	-0.0131811413057717	0.338556467144571	-0.0896604652336309	0.0116108788934910	-0.0104354368260741
"AI841311..microtubule.associated.proteins.1A.1B.light.chain.3"	0.0618341173738094	0.581507890301201	0.7807194902942	0.258952413657270	0.0282142234368652	0.0760322743792719
"AF109905..G6C.protein"	-0.290432188940986	-0.0972613562109527	0.158110328612379	0.289394237637052	0.00599857592910614	-0.0266610189692378
"U41736..ancient.ubiquitous.protein.1"	-0.0150408309535622	0.18458307738143	0.114988783103404	0.0072514278043677	0.00350807536731082	0.0189610289176926
"AI173038..chromatin.assembly.factor.1..subunit.B..p60."	0.0280972426440555	0.126700966764239	0.399671165367654	-0.184950693619031	0.0123124648652884	0.0068276264619837
"AI837318..ABC.transporter.ABCF2"	-0.180233049149999	0.0855375460065694	0.177011005542937	0.00846735692279027	0.00548692056126382	-0.00376851302268111
"D29678..Cell.division.protein.kinase.5..Sserine.threonine.protein.kinase.PSSALRE."	-0.168539790148393	0.0148991266306280	0.332927902205452	0.119762058214507	0.0116331729727703	-0.00932662339640583
"AI853294..hypothetical.protein.FLJ14299"	-0.0246350541512322	0.377490019766500	-0.204074203992856	0.203673692988338	-0.00427280174835944	0.0610270990289494
"AI854550.."	0.0630523794861513	0.274200258223198	0.388080653228391	0.172066693087901	0.0125860325529771	0.0305633151322595
"AW121745.."	0.0091680033725707	0.113191772904045	-0.331218946677888	-0.345875933747125	-0.0106717806770014	0.0209662675400046
"AI844175..mitochondrial.ribosomal.protein.S11"	0.116700697261209	0.269114890158289	0.421488536612954	-0.155910886610630	0.0126123272548736	0.0270177518598414
"AI850244.."	0.143526221979989	-0.0283401734443372	-0.301445889868432	-0.253782930323644	-0.0113499154125182	0.00202873155764026
"AB025198..Alpha..1.6..fucosyltransferase.FUT8..N.Acetyl.beta.D.glucosaminide."	-0.196240541549487	-0.310087304878335	-0.244354385840227	-0.0550612161581761	-0.0077684344321299	-0.0442086164425648
"AI836641.."	0.0647329606050969	-0.327048082654360	-0.715086696697282	-0.397563587254026	-0.0242798367760714	-0.0295742766396214
"AI881987..peroxisomal.biogenesis.factor.14"	-0.336504378015832	-0.435032315432195	-0.0717469392645434	-0.108860957055281	-0.00214830925961083	-0.0705246868451248
"U49853..Protein.tyrosine.phosphatase.X79568"	-0.0399798943936074	0.0527729082545884	0.0585957555795023	0.157043405093405	0.00127276322039033	0.000176504856660193
"AI155285.."	-0.114299510394885	-0.255034698562867	-0.325654943668165	-0.180150805689192	-0.0107688172242967	-0.0331695842738315
"AA615161..uncharacterized.hematopoietic.stem.progenitor.cells.protein.MDS032"	-0.0432081901416602	0.108201489656636	0.451809868039920	0.109639916186943	0.0145750876262434	0.00249153297406650
"AI853855..NADH.dehydrogenase..ubiquinone..1.alpha.subcomplex..8..19kD..PGIV."	0.00291998371381101	0.208323263355904	0.435863268018516	0.106775292734710	0.0144480741995866	0.0197327705566318
"Z14249..Mitogen.activated.protein.kinase.3..MAPK3...ERK1...P44."	-0.118900459812875	0.0289044107464989	0.220915605877089	0.111169360297169	0.0082412851814436	-0.00161130427804897
"M32459.."	0.194451037919686	0.134955169683662	0.581936056558486	0.09505948948796	0.0189094300261989	0.0171305590939053
"AI847490..hypothetical.protein.FLJ10597"	-0.148871705908776	-0.151986718190543	-0.248421189075233	-0.0867829241704095	-0.0075417986549679	-0.0200537941056436
"AI838550.."	0.0223516930979742	0.134671349861510	0.187061425474064	-0.0279444817142427	0.00559169145277727	0.0122353273742874
"X53451..Glutathione.S.transferase.pi..GSTP1."	-0.0568576313530796	0.086575985343125	0.268173583701661	0.0530789077048837	0.00826173864706374	0.000602279721085127
"M60523..inhibitor.of.DNA.binding.3..dominant.negative.helix.loop.helix.protein"	-0.142370032475144	0.0711876766184367	0.617673816890001	0.425220718506846	0.0220195396588241	-0.000316096224356355
"AI842492..mel.transforming.oncogene..derived.from.cell.line.NK14...RAB8.homolog"	-0.111263620490818	-0.00322264800825076	0.0475146906166606	-0.272269341925926	0.001609232363588	-0.00705979520057904
"AW122643..hqp0256.protein"	-0.159495752851555	0.0620679687810735	0.294895393019260	-0.126931054100477	0.00949812651944685	-0.00675304827105108
"Y15798..G.protein.coupled.receptor.kinase.6..GRK6."	-0.197200455764946	-0.0370050462948619	0.0113547737954817	0.250375221517184	-0.000232501082905235	-0.0186781113738048
"AI606891.."	0.0475942343417141	0.0371652971857414	-0.179831048050029	-0.127543320213278	-0.00683595807634085	0.00552175057900338
"AW121088..CGI.120.protein"	0.117996338229114	0.311720835628041	0.212476781578850	-0.0420302282310568	0.0059649305632377	0.0368449081582311
"AA799042..60S.ribosomal.protein.L30.isolog"	-0.0772647188808794	0.28570187622975	0.138252551111137	-0.0379694352452	0.00406309860772632	0.0267038409481219
"AA920621..mutL..E..coli..homolog.1..colon.cancer..nonpolyposis.type.2."	-0.260015633429817	-0.181332108801103	0.199514664676106	-0.237258486634334	0.00689146591157925	-0.0384433574303619
"AI844511.."	-0.108636727276480	0.00870206221222132	0.229178304451617	0.0270257889715175	0.00824946057213135	-0.0050042471645971
"AI846319..homolog.of.yeast.MOG1"	-0.0642104258601822	0.213026126179489	0.455256668813027	-0.00384335933428889	0.0151298994895936	0.0165275781315987
"AW124874..Homo.sapiens..Similar.to.RIKEN.cDNA.2510039O18.gene..clone.IMAGE.3835289..mRNA..partial.cds."	0.152567913785989	0.347710683510059	0.143844220368056	-0.609277934505973	0.00439219417532281	0.0477309391716345
"U84903..mitochondrial.ribosomal.protein.L23"	0.0630295233212233	0.294984700569024	0.337887287870992	0.16795033939341	0.0104579931870013	0.0315715031080043
"D87896..GPx.4.phospholipid.hydroperoxide.glutathione"	-0.104655901289564	0.0414654100304193	0.450322686291667	0.179113729819113	0.0159461204664978	-0.00211220308854195
"AI595382.."	-0.076239604262071	-0.0672640454323786	-0.285681574629200	-0.357519653633888	-0.0101396423452737	-0.0117413449996867
"AI847298.."	0.285134939928772	0.480553237550286	-0.642263088171745	-0.577597031875119	-0.0209504571757957	0.0866214661191589
"AA796989.."	-0.0238029889974253	-0.0290873808036734	0.191794389267571	0.134545611880398	0.00601159759749499	-0.00945765761387048
"D87902..ADP.ribosylation.factor.5"	0.0411106879551794	0.138753369778004	0.0477203782291681	0.0430115863520799	0.000923213434522558	0.0155659358460038
"AI429868..ligatin"	-0.0500418115164363	0.139732930091738	0.371688950483547	0.0493179198161518	0.0116277190474410	0.00575917312660411
"AW124633..Nek1.related.protein.kinase..NRPK...geneseqp."	-0.0437382489076524	-0.259965427518398	-0.554023291606701	-0.405052734419135	-0.0190592789165804	-0.0301448892750121
"AW125618..H.sapiens.gene.from.PAC.426I6..similar.to.syntaxin.7."	-0.0499273687697194	-0.213262211055562	-0.429503529098433	-0.297182074618784	-0.0137175910754724	-0.0204451722887966
"AI841771..homolog.of.yeast.MAF1"	0.114112951148597	0.281304404633271	0.108208575147716	0.279981102388439	0.00401017329982030	0.0418424361032021
"X78304..signal.recognition.particle.9kD"	-0.0158401336998306	0.197329217410419	0.373103821676276	-0.043373659472084	0.0137154694731608	0.0249563007160765
"AI849911..melanoma.associated.antigen.recognised.by.cytotoxic.T.lymphocytes"	-0.0976232234544334	0.135319778733313	0.535132852831154	0.105790556534243	0.0173665107092255	0.00179709779209756
"AW120722..MAP.kinase.activated.protein.kinase.2..MAPKAPK.2."	-0.0737110137058244	0.0366768646314694	-0.0567773035452388	-0.00274483152251917	-0.00173982080027791	0.00203935164845786
"AI836322.."	0.671558940574607	0.808010312897915	0.0133160373985049	-0.326755729777499	-0.00248585592640356	0.122860206305523
"AW121031..nucleolar.protein.family.A..member.2..H.ACA.small.nucleolar.RNPs."	-0.00719283434559544	0.146674215660084	0.504830233997607	-0.0708975683197105	0.0146097121548432	-8.49462133114907e-05
"AB017189.."	-0.130014733564724	0.0654204544866054	0.0551469293104269	0.177814883989831	0.000522089028523761	-0.00633121354600156
"D67067..cleft.lip.and.palate.associated.transmembrane.protein.1"	-0.200929642543475	-0.105317597723515	-0.00742042976113304	-0.112816999850917	-1.35374794710507e-05	-0.022925849974357
"U60312..dynactin.1..p150..Glued..Drosophila..homolog."	-0.177258440038296	-0.0420440682625417	-0.0475123961020508	-0.0925660167023606	-0.00143213819934360	-0.0136036420967460
"AI849611.."	-0.138906654624453	-0.0306071104271141	0.444917774012585	-0.0716146462290865	0.0147138176496032	-0.0181384706055023
"AI843795..6.phosphogluconolactonase"	-0.0939164633035942	0.150857664942067	0.332951348319059	0.265516753553765	0.010955032400465	0.0083347419394811
"AJ002307..synaptogyrin.2"	-0.217426071598095	-0.0727272824941363	0.151499390014551	-0.0936761211606423	0.00466273273158974	-0.0250442671436625
"AI841493..protein.phosphatase.2A..regulatory.subunit.B..PR.53."	-0.205167807478359	0.00430368230436895	0.0368036847048508	-0.0304412540294128	0.00229394356989663	-0.00596735315009105
"AI850365..ubiquitin.conjugating.enzyme.E2M..homologous.to.yeast.UBC12."	-0.180956388669832	0.05553606542426	0.258979111752485	0.185684182220776	0.00907471815656846	-0.00440560644669947
"L11163..acyl.Coenzyme.A.dehydrogenase..C.2.to.C.3.short.chain"	-0.229807120281467	-0.0709067842316101	0.352780794748134	0.250368243467874	0.0120383208287263	-0.0249372102514917
"AF042799..suppressor.of.white.apricot.homolog.2"	-0.055534559507243	-0.0322437645050546	0.177744896475595	0.0104200581547841	0.00569363877531441	-0.0106594706551473
"D42124..v.maf.musculoaponeurotic.fibrosarcoma..avian..oncogene.family..protein.K"	-0.0173467782060368	0.236142105639712	0.0950208285507598	0.153249210853457	0.00341498487256783	0.0283767391497065
"U88624..85.kDa.calcium.independent.phospholipase.A2"	-0.0447718992479385	-0.114128640359287	-0.0208201195294958	-0.259482528845497	-0.00123541352509932	-0.0190887722269156
"AW124355..syntaxin.6"	-0.0630889833760589	0.0360115640294952	-0.165433797481311	-0.412769793788011	-0.00444398019242362	0.0085979850891032
"L12140..amino.terminal.enhancer.of.split"	0.0143604510029463	0.33079092481679	0.0279577258592356	0.27132474797434	0.00153943768148411	0.0446184654079960
"Z17804..catenin..cadherin.associated.protein...delta.1"	-0.182120722315743	-0.362089205919506	-0.344407827225601	-0.397907079671633	-0.0116912237422014	-0.0514614864514877
"AW122692..hypothetical.protein.MGC4276.similar.to.CG8198"	0.256975602576353	0.439124072493757	-0.061517350454704	-0.573572801624926	-0.00200812228642932	0.069894733326115
"AI844732..thyroid.hormone.receptor.coactivating.protein"	-0.310672125489983	-0.354965298102769	-0.591341683077453	-0.112093499988360	-0.0168077161033129	-0.038777115076239
"AV122577..Calmodulin"	0.132204191481648	0.171199034439041	-0.154792123659117	0.0919883707991268	-0.00476599573940559	0.0326826016792281
"AB024427..ring.finger.protein.11"	0.252439561309978	0.269903075120049	-0.447256209854167	-0.628075012513242	-0.0136254198734017	0.0600306679410166
"X52574..Mov10..Moloney.leukemia.virus.10..mouse..homolog"	-0.144067453479754	-0.110223638686213	0.142703071058647	0.134019062252787	0.00550700801807167	-0.0198840455840946
"AI850186..CGI.65.protein"	0.218587859096395	0.426479573385193	0.163772752186614	-0.510978056858619	0.00563019343326949	0.0637619613735963
"D13546..polymerase..DNA.directed...alpha..70kD."	-0.0845255723800189	0.0867062605207617	0.326295895003504	-0.0273329494226229	0.0105066505816274	-0.000171301722291875
"AW048291.."	-0.0297741720302888	-0.0426483246314943	0.198108576556603	-0.0589536165454627	0.00668415544801233	-0.00926103221754367
"X65687..RAC.alpha.serine.threonine.kinase..Protein.kinase.B."	-0.191377296775930	0.056962802022928	0.069579018787931	-0.0982609963782636	0.00147147441329023	-0.00863349916654661
"AI849180..integral.membrane.protein.3"	-0.199564655552059	-0.0085375533581015	0.141440171787504	0.109149093627201	0.00576090245328893	-0.00879294035905303
"AW212479..PDGFA.associated.protein.1"	0.0371076192583125	0.213160378260757	0.318616941223389	-0.097675696520889	0.00887177088025083	0.0155190708153529
"AW122039..coronin..actin.binding.protein..1A"	-0.208121737605855	-0.0247917277177807	0.364245554030345	-0.0264609394472305	0.0127950303609929	-0.0162920673293960
"AB025943..ras.homolog.gene.family..member.G..rho.G."	-0.105344501463082	-0.0989909678589254	-0.212902556695987	-0.262764947626772	-0.00735433344166347	-0.0165028987120456
"AI842603.."	0.229746132296073	0.763483455211522	0.404888075195133	1.11940715763794	0.0130375912507099	0.0999007998302778
"D26091..minichromosome.maintenance.deficient..S..cerevisiae..7"	-0.181252084736631	0.192877538381548	0.436028689635644	-0.058697869733792	0.0149421953067286	0.0100850361078745
"AF073523..RAD1..S..pombe..homolog"	-0.203836059997420	-0.202121047029249	-0.682698301509933	-0.693101618021387	-0.0238296231125302	-0.0324059924167854
"AI846851..Farnesyl.pyrophosphate..FPP..synthetase"	0.0825447298794296	0.267654196768917	0.55542856098608	0.466014773134542	0.0186277656955660	0.0308410535642306
"AW060236.."	0.00810677548508856	0.0648703433973428	-0.0580876935959971	-0.304960344587789	-0.00163823333136900	0.0108020859574300
"AI854108..cleavage.stimulation.factor..3.pre.RNA..subunit.1..50kD"	-0.240499955369751	-0.163583722476386	-0.202281223196569	-0.397380362991369	-0.00665661956767775	-0.0304315130849395
"AW049156..DKFZP566J153.protein"	-0.0621710748487971	0.100817770738369	0.138547169980321	-0.0339299881629917	0.00421395317207329	0.00521562937980442
"AI854725..PL6.protein"	0.0123085816719201	0.0258761038344919	-0.406607515111415	-0.347641177866829	-0.0125968690087503	0.0142266821727450
"Z67748..Spermidine.synthase..SRM...Putrescine.aminopropyltransferase."	-0.538259890369383	-0.486018126117833	0.101876534613164	-0.23978141913533	0.000559004677861576	-0.105708111703506
"AC002397..C10_HUMAN....PUTATIVE.C10.PROTEIN."	-0.126488586157514	-0.0569325601679945	0.115245799297427	-0.0287590718919371	0.00409126955881292	-0.0143960837149888
"AV248951.."	0.185612774418651	0.0830906725753855	-0.206325062561222	0.314818454404223	-0.00746815018908032	0.0204617150007647
"AJ250723..MLL.septin.like.fusion"	-0.308167318967138	-0.161169857161561	0.0418324353503681	0.111529568951361	0.000606562375853577	-0.0415531617098968
"D10630..ZF38_HUMAN....ZINC.FINGER.PROTEIN.ZFP.38..NY.REN.21.ANTIGEN...FRAGMENT.."	0.105611790638796	0.503427928671541	0.166878078097266	-0.915667490054676	0.00727551957812644	0.0747467720566976
"AF031128..peroxisomal.membrane.protein.3..35kD..Zellweger.syndrome."	-0.162982301746396	-0.0112263080604642	-0.0552758661670248	-0.630950888458463	-0.00175347351421051	-0.009184787251166
"M23568..TPA.regulated.locus"	0.160038716306794	0.250499867004603	-0.487033554923285	-0.512283197031837	-0.0159994660290505	0.0478457360577908
"M72414..microtubule.associated.protein.4"	-0.0931591649148869	-0.0481158259695337	-0.0450925003519504	0.359363840270971	-0.000677299681083488	-0.00639892867030223
"AJ010483..C.terminal.binding.protein.1"	-0.183203496841297	0.257206201238214	0.144890320321016	0.145910064651007	0.00509117529762056	0.0212408401076741
"AI852581.."	-0.263832503696891	-0.0782234726578357	0.218093950770867	-0.0394782677620549	0.00699434711890528	-0.0286418855124132
"AI852414.."	-0.165225162371975	0.00794721297625062	0.233265625653848	-0.0222133481283576	0.00836390014407805	-0.00838295655111208
"AW122326..zinc.finger.protein.ANC_2H01"	-0.0291416582229429	0.0132144840646926	-0.514163901646928	-0.47869488549866	-0.0171289245497808	0.00712211780672856
"U43076..CDC37..cell.division.cycle.37..S..cerevisiae..homolog."	-0.212928773077716	0.0220766234401191	0.299385402993034	0.242088205647143	0.0107161000062692	-0.00942087275282038
"AV246189.."	0.0636715402635703	-0.00373390412513823	-0.317847375696181	-0.109427111523096	-0.0109073378148297	0.00583906724980297
"U58885..SH3.domain.GRB2.like.1"	0.0255432815558416	0.158905745355341	-0.0160764952298580	-0.147436728316086	-0.000749863552260946	0.0203472546782312
"AI841192..hypothetical.protein.MGC11275"	-0.128119298974373	-0.0144326079548139	0.276800574617672	-0.0804859053052617	0.00957573835655209	-0.0109105105429257
"AW123810..Human.putative.protein.B2.mRNA..partial.cds."	-0.0612225121839618	-0.107736459477844	-0.212214945624378	-0.0746503454766626	-0.00697470201666972	-0.0133922898591400
"AW120644.."	0.114122388903150	0.296922649713698	0.244224942895211	0.0711031230142497	0.00790641987421663	0.0387518984424572
"X78683..B.cell.associated.protein"	-0.0288030521006078	0.26481672587461	0.526260907392633	-0.210153547384506	0.0135913272826788	0.00451236276401964
"AW049122..ribonuclease.HI..large.subunit"	0.0640881290363759	0.195220757592529	0.287208753562123	0.010767082489068	0.00817853248189518	0.0169639499074427
"J04761..ubiquitin.like.4"	-0.0717054971633242	0.122289113757554	0.288981995464517	0.133938551032935	0.00969448978192509	0.00762530883777587
"X14309..Neutral.and.basic.amino.acid.transporter.homologue..4F2.heavy.chain.antigen."	-0.288947407088759	0.0224948416680396	0.364365778667154	-0.199826426539955	0.0129098778439013	-0.0143112135721175
"U27106..adaptor.related.protein.complex.2..mu.1.subunit"	-0.0626022673391297	0.134777839909633	-0.00580449611650069	0.265666548078177	0.000792094992296529	0.0183148243805108
"U91513..ninjurin.1"	-0.0985342490985218	0.0511699692893689	0.187319167047601	-0.040776638242449	0.00703343690390608	0.00230548266572018
"AF035645..Protein.tyrosine.phosphatase.PRL.3"	-0.0263549746780067	0.218657895327472	0.30443309161089	-0.0241065224978007	0.00794088380130682	0.0106175440045718
"AW125168..hypothetical.protein.384D8_6"	-0.049450904459579	0.377903486791537	0.296961514911441	0.286796590177027	0.0112685928603429	0.0470808721104234
"D10715..developmentally.regulated.GTP.binding.protein.1"	0.070335318147946	0.290264282737952	0.298836015503634	-0.0413165804175505	0.00783469991776069	0.0253409866881312
"Z11574..SOS1_HUMAN....SON.OF.SEVENLESS.PROTEIN.HOMOLOG.1..SOS.1.."	-0.0252995588414354	-0.164144721524843	-0.236934976951374	-0.050384579589907	-0.00785674819668197	-0.0183853054088638
"AA657044..AHNK_HUMAN....NEUROBLAST.DIFFERENTIATION.ASSOCIATED.PROTEIN.AHNAK..DESMOYOKIN...FRAGMENTS.."	-0.127633899721287	-0.0776826182029281	-0.08512975314123	0.578544135675591	-0.00188089486147275	-0.0107810960489716
"AB009653..lysophospholipase.II"	-0.0619503748596402	-0.0563055137729584	0.0698530819256473	0.0541630147858978	0.00151718287147222	-0.0154208873060900
"Y16258..basigin..OK.blood.group."	0.132892891261049	0.490405643694905	0.0535539360654127	0.440370923485391	0.00176911202972962	0.0675721112093398
"AW120733..myeloid.leukemia.factor.2"	-0.143125402165968	0.0608158705876155	0.195774821143139	0.0656572652626806	0.0079942399927722	0.00431237375503823
"AW045278..hypothetical.protein.FLJ20561"	-0.0109114323601816	0.0945199795839648	0.113722192448340	0.224766257196992	0.00336917706863678	0.00751158336455819
"AW121826.."	-0.0575308822460043	-0.206155865049972	-0.338605971671499	-0.172689305332181	-0.0113146686936799	-0.0243449872160132
"AW048812..likely.ortholog.of.mouse.Hes6.neuronal.differentiation.gene"	0.153739273362758	0.415566602501089	0.112340861849229	0.0341481314839907	0.0030657756928259	0.055299124321843
"M32459...1"	-0.0179953571056403	0.190183527628459	0.774365222295029	0.626513146348037	0.0283177759478032	0.0245665599831051
"AI846545..phosphoserine.phosphatase"	-0.216358321795787	0.0264075760907629	0.664506039490752	-0.0419505772056942	0.0229128449403037	-0.0139364531217459
"AW120781..ADME..Glutathione.S.transferase.homologue.5483256CD1..incyte."	-0.087480192253712	0.052567269322623	0.324137207581020	0.184379251735291	0.00876778726162192	-0.0128543187807825
"AW123834..adaptor.related.protein.complex.1..gamma.1.subunit"	-0.144601582862574	-0.238938412513791	-0.259933041811923	-0.339932420136602	-0.00790876339261512	-0.0304031211333558
"AI846243.."	-0.183807409061061	-0.0974092194550082	-0.0782742091428255	-0.113659545786313	-0.00149218808893388	-0.0156307284976514
"AW124920..mitochondrial.ribosomal.protein.L16"	0.395569990482236	0.772314514318866	0.111724001503232	-0.229007140709563	0.000269326405263417	0.0992374647065518
"AW121314..NTF2.related.export.protein.1"	0.155345278885248	0.16466280879591	-0.602578069612687	-0.435922595948136	-0.0209429268499609	0.0330440507318944
"AI852524..Putative.nuclear.protein..BCON3."	0.0603451675113058	0.178636020753256	0.0939534913663562	-0.254665283583312	0.00400197734444842	0.0286152105852662
"AV327032.."	0.165256244113703	0.0451548219526203	-0.111767698950237	-0.000463936796572779	-0.00426141926204149	0.0135953836764462
"X05021..ribosomal.protein.L27a"	-0.00217183193927041	0.0715445189720503	0.401627455189071	0.128319164715866	0.0120438522132314	-0.00339733602613001
"AW047583.."	0.256680097691278	0.824592706333919	0.45532376821752	0.189899909232465	0.0163415249967250	0.116383512374248
"AF043249..DNA.segment.on.chromosome.19..unique..1177.expressed.sequence"	-0.231560533255867	-0.048189782642611	0.089654343746374	-0.0176868738967547	0.00314227248325987	-0.0192287551701042
"AF036535..5..AMP.activated.protein.kinase.gamma.1.subunit"	-0.0297230001369783	0.050015491967558	0.0562987988489058	-0.112994387763884	0.00256446720390566	0.00724254872994849
"D49956..nudix..nucleoside.diphosphate.linked.moiety.X..type.motif.1"	-0.172959045937758	-0.00131770872565168	0.379235235311666	-0.0422250529607262	0.0122194914049617	-0.0169889214873848
"AW061307..CK2.interacting.protein.1..HQ0024c.protein"	-0.0119609603398820	0.0250316364308453	-0.0402206145637999	0.0252181174923517	-0.0020859466699164	-0.000703238034758811
"AI847863.."	-0.0978004600705027	0.297548215092110	0.632432646983841	0.00456967671203205	0.0215573539747986	0.0253715446190124
"AF036716..syntaxin.8"	-0.0884661048361438	-0.076393344228341	0.391625523704626	0.137073456084895	0.0123669521600209	-0.0231688163129105
"U82627..ubiquitin.conjugating.enzyme.E2I..homologous.to.yeast.UBC9."	0.0987728088644803	0.39643228562682	0.0323628468466588	-0.0217831647462772	-0.000211838760312629	0.0479348106829286
"U24160..dishevelled.2..homologous.to.Drosophila.dsh."	-0.110906715042789	-0.0720181199383044	-0.0732237729796912	-0.24086724318456	-0.00245521544910083	-0.0141517800177599
"AI839212.."	0.186515951327544	0.228445664865571	-0.967796789810234	-0.662181868159809	-0.0331642761624176	0.0474647465863030
"AI841279..cytosolic.acyl.coenzyme.A.thioester.hydrolase"	-0.0963279482817453	0.105901338630826	0.255824230380529	0.466378968160761	0.00939143857008322	0.00867501582076
"AJ223966..N.acetylgalactosaminidase..alpha."	-0.0411586599763809	0.075706700314024	-0.115997858241296	0.177553067620854	-0.00346930144918624	0.0107213360852638
"X84797..hematopoietic.cell.specific.Lyn.substrate.1"	-0.123713157096770	-0.145794807034021	0.0430660452384346	0.0678754363051695	0.00117958225562458	-0.0268368941537664
"AI847879..hypothetical.protein.FLJ22678"	0.0234952155055591	0.00730204857571495	-0.256501449810438	-0.421282914599738	-0.00983728255547522	-0.000694926244359487
"AI645050.."	0.0518127085934341	0.380896171359874	1.10594824850566	0.0441740002434193	0.0398954129911386	0.0502366658120849
"AI852184..hypothetical.protein.FLJ20974"	-0.0506237924048828	0.00370289929564375	0.197292919553808	-0.097940402815499	0.00626694870775416	-0.00657047257047236
"AF037205..ring.finger.protein.13"	-0.207931039297680	-0.208300001092482	-0.00424977315382115	0.0097180919181093	0.000639703808460963	-0.0334507280116163
"AB007139..proteasome..prosome..macropain..activator.subunit.3..PA28.gamma..Ki."	-0.142760149833812	-0.0406942518220465	-0.162892869652150	-0.362726619194720	-0.00771383090450658	-0.0220815844804450
"D10712.."	-0.172453336813808	-0.347027817748866	-0.501067189660903	-0.806822915379557	-0.0166516833703123	-0.0456078420433978
"AF039840..MAP.kinase.activated.protein.kinase.5..MAPKAPK.5."	0.0248244912098653	0.063444904470286	-0.0981554351980537	-0.257677481868006	-0.00247012529131010	0.0146024366844168
"Y09973..Homo.sapiens.transcription.factor.SL1.mRNA..partial.cds."	-0.0021751018940398	-0.0944742326940907	0.0151356295318805	-0.208125883910525	0.000405160847512825	-0.01258402974754
"AI852514..signal.recognition.particle.68kD"	-0.186225638231064	-0.0353666767427218	0.195443816009607	-0.190717330838683	0.00701927027996202	-0.0148338903774268
"AF000581..nuclear.receptor.coactivator.3"	0.00199077198865488	-0.0811768612845125	-0.357511581914402	-0.0614403837749846	-0.0109544281222774	-0.000312930715974126
"AI843074.."	0.0558121615381257	0.20441925454408	0.386662192194476	0.122919179018526	0.0126446730439027	0.0220229298172557
"AI835446..isocitrate.dehydrogenase.3..NAD...alpha"	0.00643386020320911	0.08181927808509	0.232131216060072	0.0699173927645221	0.00695620258126358	0.00347460720204566
"AW060871..Homo.sapiens..clone.IMAGE.3610013..mRNA..partial.cds."	0.0202536516900007	0.0611805443386468	0.326192934256410	0.169938665618417	0.0100537699950299	0.000191809870258689
"D21207..Peripheral.benzodiazepine.receptor..HPBS."	-0.0503179768523937	-0.0452647356007746	0.178198187964813	0.069983626386456	0.00662423495583954	-0.00744114049023364
"AI837573.."	-0.017441389703582	-0.0352029715286704	-0.232059043679344	-0.0981702029731108	-0.0082863083412216	-0.00491300967373839
"AI839899..regulatory.factor.X.associated.ankyrin.containing.protein"	0.0272990189478947	0.154077345848648	0.425766429986546	-0.072366646177004	0.0139512836285955	0.0136636246926772
"AW259620..hypothetical.protein.MGC3123"	0.0622300495743385	0.0760621525435273	-0.341070834249045	-0.0720255144784953	-0.0122930280104083	0.0129672409279731
"U19520..syntaxin.binding.protein.2"	-0.140724358257234	-0.0107602546999176	0.239948425718885	0.183722558222801	0.00867795007754366	-0.0089980492831101
"J04181.."	0.188587661479232	1.00810052687427	-0.146008314930291	0.28280766732929	-0.0100495325288238	0.112104527958066
"Y09010..Mitogen.activated.protein.kinase.kinase.kinase.kinase.1..MAP4K1...HPK1."	-0.291214215670528	-0.154297425207452	0.289741304010287	0.107408826606099	0.0097680766202463	-0.0386841169836971
"AF043070..Branched.chain.alpha.keto.acid.dehydrogenase.kinase"	-0.221420809044301	-0.0484152564375672	0.0583205314539709	0.062331947402077	0.00242710231146388	-0.0166295570552016
"AF068116..eukaryotic.translation.initiation.factor.4E.like.3"	0.056559207939191	0.165908384015637	0.319790802381293	0.0411812650669748	0.0100551074881801	0.0163893503506769
"AW049778..mevalonate..diphospho..decarboxylase"	-0.29385783315384	-0.0776938106629137	0.517587182125032	0.193759645692366	0.0189269305307025	-0.0246229684430125
"AW049795..hypothetical.protein.FLJ14621"	-0.152092445465242	0.215691924091543	0.401782161701323	0.294271827041473	0.0135745719562102	0.0138763092926609
"L07037..mannosyl..alpha.1.3...glycoprotein.beta.1.2.N.acetylglucosaminyltransferase"	0.0281359945057371	0.0651391098867963	-0.191658963932159	-0.194726806832262	-0.00629729397660908	0.0127383640956423
"AW120557..U6.snRNA.associated.Sm.like.protein"	-0.100599244871434	0.145814160470131	0.534626907712514	0.0597417036062678	0.0181180263720137	0.00677213397806285
"AI841645.."	-0.0400371344369092	0.109078994569571	0.554262414060162	0.063819899317242	0.0161813806929619	-0.00763172707655405
"X97490..Homo.sapiens..Similar.to.RIKEN.cDNA.4933415F23.gene..clone.MGC.11098.IMAGE.3831227..mRNA..complete.cds."	-0.175365570407545	0.162629225867919	0.442586595055062	0.124540775591720	0.0140918579842215	0.00123185678775448
"AI852985..Human.MAC30.mRNA..3..end."	-0.19324827788548	-0.0482736412994019	0.276242261064065	0.0252215753815554	0.00890836612127018	-0.0219374151596283
"AI852735..hypothetical.protein.FLJ20257"	0.141971038976789	0.564410179018299	0.122711095489953	0.912082295621731	0.00537395821267764	0.0828107898335598
"X02452.."	-0.0794891933049059	-0.198911929642609	-0.819184433570425	-0.901209871385784	-0.0279202897868053	-0.0209980658009242
"AW046273..electron.transfer.flavoprotein..beta.polypeptide"	0.0876366241308854	0.152532817475475	0.56414358339216	0.0966585218402861	0.0181625689490101	0.0129071486649173
"X95504..pleiomorphic.adenoma.gene.like.1"	0.0074201634428066	-0.0570465828436738	-0.094599523723566	0.0642507524063046	-0.00341138624867422	-0.0066839322985299
"AW047312..methyl.CpG.binding.domain.protein.3"	-0.146523000822413	-0.150600830121078	0.112196758224574	-0.0141359776119645	0.00253089408293176	-0.0343838354977033
"AI846302..Homo.sapiens..clone.IMAGE.3531803..mRNA..partial.cds."	-0.195197485418150	0.130582101428582	0.152815849872418	0.200616300950417	0.00454476144141822	0.00067016979719237
"AI847016..Homo.sapiens..Similar.to.cysteine.and.histidine.rich.protein..clone.IMAGE.3945559..mRNA..partial.cds."	-0.105037579215266	0.131274980827080	0.162635766554962	0.00216338771349211	0.00603450865476964	0.0113809012744431
"M86183..cyclin.D3"	-0.301657506588221	-0.0369409337228773	0.414563452339486	0.189364217851194	0.0151393213594179	-0.0203295937267574
"X16493.."	-0.0370071418567754	-0.0341028977861217	-0.509145520952004	-0.385496769968209	-0.0165086063971007	0.00298420626334519
"AI837415..ubiquitin.carrier.protein"	0.0189618169407814	0.190626131447292	0.186878218939479	0.0693936868048242	0.00798275490849399	0.0309525338726061
"AF024570..polymerase..DNA.directed...delta.1..catalytic.subunit..125kD."	-0.190790137614093	-0.0925408494725033	0.235086654177065	-0.0567663703131123	0.00732482456092283	-0.0278041557186398
"AW123694..cell.membrane.glycoprotein..110000M.r...surface.antigen."	-0.0664929093733196	0.163188745496881	0.249056983407785	-0.237022533797042	0.00833579226243468	0.0134123605319457
"AI849432.."	-0.120222870716757	-0.0373189450166831	-0.304958571470145	0.189409930215053	-0.00708358202268999	0.00824023953840971
"X69656..tryptophanyl.tRNA.synthetase"	-0.224385758629619	0.0961880934873611	0.173578827023415	-0.0652899217870621	0.00632287219985867	-9.8420939792578e-05
"U34691..uroporphyrinogen.decarboxylase"	0.0722843910335634	0.263714349463566	0.229187738146199	0.0728817030042143	0.00650794552129339	0.0280490140881033
"AA624586..ATP.synthase..H..transporting..mitochondrial.F1.complex..epsilon.subunit"	-0.0934715912683317	0.260711898112393	0.33078959779344	0.47742262050925	0.0108621241119028	0.0219622159238589
"M28666..hydroxymethylbilane.synthase"	-0.264911034461005	-0.0479263507077044	0.414278214673185	-0.0606689609771063	0.0146397000691572	-0.0221074194804130
"AW124208..phosphoinositol.3.phosphate.binding.protein.2"	-0.316833798419109	-0.672001823843405	-0.472378973431266	-0.337930631937007	-0.0165744079811349	-0.0987979777084983
"AI849067..hypothetical.protein.AF140225"	-0.371233366681736	-0.022140432386287	0.255196953614936	-0.606713233228884	0.0130554897778189	-0.00406931806131877
"AI842524.."	0.356073448583303	0.645186998256638	0.0328424010786815	-0.229128327248962	-0.00151687150873975	0.086509212427729
"U47323..stromal.interaction.molecule.1"	-0.0331149667448979	0.00958709957659288	-0.064283055844492	0.311863268480289	-0.00268754110574933	-0.0024651449587626
"AV077293..Homo.sapiens..clone.IMAGE.3942726..mRNA..partial.cds."	0.240067315872311	0.2267550229568	-0.343153496542061	-0.00395641562263006	-0.0113827288346768	0.0464411207002495
"AI848354..Mitochondrial.citrate.transporter.protein"	-0.22577643653292	-0.0775788571943757	0.501879582697985	0.20282135994967	0.0175287740367016	-0.0249941168253575
"AA920419..Homo.sapiens..clone.MGC.19762.IMAGE.3636045..mRNA..complete.cds."	-0.349080871054345	-0.115352823438693	0.301958664977034	0.128986528087011	0.00847171338700082	-0.0456752399445798
"AI846893..I.kappa.B.interacting.Ras.like.protein.1"	0.402035386791856	0.292387027521865	-0.174207012465707	-0.496736184090529	-0.00678048040950966	0.0561071457853377
"AB021665.."	-0.217260356645555	-0.114208917381567	0.357008200029998	0.0663375756913616	0.0119395256285817	-0.030887937856347
"AI842137..hypothetical.protein.RP1.317E23"	-0.0607408391360084	0.0308686800614038	0.116006065211749	0.0110515319051676	0.00391445584436998	-0.00085618498663765
"AV046503..cleavage.stimulation.factor..3.pre.RNA..subunit.1..50kD"	-0.0810258529572998	0.0577044885576061	-0.26617765305025	-0.140875184871839	-0.00792825124130792	0.0110600858130786
"AA867123.."	-0.0809936903821998	-0.277116801401552	-0.742834321553897	-0.212642964499775	-0.0242788269058198	-0.0264032771194752
"AI840884..mitochondrial.ribosomal.protein.S34"	-0.194021526442791	-0.0973105433857468	0.23864256243816	-0.122228581721088	0.00505101668865936	-0.0405358450721171
"AV320880.."	0.0670433323835943	-0.0099789295635805	0.00380055315335953	-0.0453475868311603	-0.000726844695448554	-0.00184725246945192
"AI843631.."	-0.183998081559694	-0.00859389258165036	-0.0787602805469624	-0.163473059407371	-0.00240088941086571	-0.00902041345246973
"AA693180..hypothetical.protein.FLJ10349"	0.153865268143881	0.200754793332642	0.00995072242894839	-0.282921380546589	-0.000182221687790083	0.0307837682768087
"AI840541.."	0.0383866901882863	0.372028230453867	0.288453676638859	-0.140329747019160	0.00877964973624528	0.0403290561549032
"AB002136..anchor.attachment.protein.1..Gaa1p..yeast..homolog"	-0.116178645660990	-0.00623564030017512	-0.0242214976750133	-0.159885903620718	-0.00173432321711338	-0.0114660442185129
"AW227545.."	0.0702160985126383	-0.266873722305638	-0.455381263765754	-0.176850683743607	-0.0148052774603464	-0.0212619968085135
"AI852592..NADH.dehydrogenase..ubiquinone..1.beta.subcomplex..2..8kD..AGGG."	-0.0433653486452006	0.0618732762207426	0.107748289522686	0.0928170366571077	0.0038770909015007	0.00525946319940785
"AW124678.."	-0.0594322068847439	-0.539616940569225	-0.539660045315477	0.0412701561582365	-0.0187021733307871	-0.0666299626435808
"AF044030..Leukotriene.B4.receptor..aka.P2Y.purinoceptor.7..P2Y7."	-0.108670714978315	0.0365848146182645	0.249127507588413	-0.00262354516330011	0.00843088922713073	-0.00421505546145734
"AI841323..mitochondrial.ribosomal.protein.L37"	-0.199712996974500	0.119535357209383	0.409896466463009	-0.333775116938382	0.0140670603492099	0.000273108282944142
"AW212399..HSPC015.protein"	-0.148176999062574	0.0827569128712918	0.248657052902344	0.139704840052771	0.0083986362619161	-0.000720910232073395
"AW124052.."	-0.0550721944626098	-0.200219847269278	-0.421773521562342	-0.067000869441822	-0.0135380199174317	-0.0195996251023795
"U19119.."	0.0128330143784049	0.129578968259982	-0.09796777873333	-0.116302547110461	-0.00259171806403092	0.0215360213895456
"Y14771..paralemmin"	-0.302361007162806	-0.0558624609931666	0.321775614194753	0.106764027076018	0.0100521079727603	-0.0313838745893041
"AI854624..eukaryotic.translation.initiation.factor.3..subunit.9..eta..116kD."	-0.287255869672375	0.0369324327872050	0.204524602067753	0.0541360250617724	0.00810646332785599	-0.00762152880961392
"AI854467.."	-0.0174454077662344	0.0377047912547662	0.143556882196502	-0.139560936215079	0.00466820190975144	0.00118568624038844
"AW046376..FW1B_HUMAN....F.BOX.WD.REPEAT.PROTEIN.1B..F.BOX.AND.WD.REPEATS.PROTEIN.BETA.TRCP2.."	-0.147545861500215	-0.328323210631298	-0.68744147193485	-0.00632018994512771	-0.0224160334365398	-0.0371246489974079
"AW124245..DKFZP564G0222.protein"	0.177094528368196	0.183117797635797	-0.0168246349411401	-0.604981049169032	-5.91749079455981e-05	0.0352913688247103
"AI839232.."	-0.589061822154651	-1.25292988302077	-1.5326491962053	-0.459375883191398	-0.0533036584965076	-0.178534700194289
"U58513..Rho.kinase..ROCK2."	0.0383140277176947	-0.194169985422977	-0.684664223705615	-0.302926695552501	-0.0237977362831614	-0.017552153158856
"AI852578.."	-0.187515226620584	-0.289097990159222	-0.258037095790690	-0.287757076769223	-0.0089215608308882	-0.0443974932172264
"AW061222..exosome.component.Rrp41"	0.0243656159703450	0.114820111067721	-0.036400822793252	-0.293940240333977	-0.00232933399743903	0.0105807362150667
"U34960..guanine.nucleotide.binding.protein..G.protein...beta.polypeptide.2"	-0.433059516851896	-0.124755840573980	0.254153311645856	0.123654779651605	0.0111099641678972	-0.0297532297907938
"X69942..hypothetical.protein.DKFZp762K2015"	-0.128599927783116	-0.219924460450887	-0.410580900492003	-0.395090700722489	-0.0139555374729241	-0.0301965880330734
"X56906..bone.morphogenetic.protein.7..osteogenic.protein.1."	-0.101800362193019	-0.0621758536114	0.188841963305898	-0.0148679362446206	0.00601059148419779	-0.0173526196873290
"AW060487..hypothetical.protein.FLJ13852"	0.0234590530897130	0.180596292780771	0.382708168254408	-0.0863129418294235	0.0103449342303114	0.00653329673770747
"AW121446..Casein.kinase.I.gamma.2..CKI.gamma.2."	-0.124463618296577	0.294209773015921	0.0722324869213398	0.0790931071129041	0.00285590337581559	0.0310101698096809
"AV351896.."	0.0870074641471497	-0.0193174522180114	-0.107719615039962	-0.00949760524122477	-0.00418579904221629	0.000903104763810974
"U87965..GTP.binding.protein.1"	-0.0627892250622008	0.0717451388397943	0.179966129715777	-0.114342067651056	0.00540568819614007	5.47557642053311e-05
"AI839632..hypothetical.protein.FLJ20897"	0.154389683994317	0.491182321184441	0.402961972511803	0.445149130002064	0.0121721931988658	0.0578807517377901
"U09268..Dual.specificity.protein.phosphatase.2..PAC.1."	0.114022167441275	0.596596556330374	-0.0909129711805084	0.0625693366543275	-0.00344350307171945	0.079752361807165
"AB016490..jumping.translocation.breakpoint"	0.0321043451121197	0.111374868170183	-0.00460830916900861	-0.41891808984116	-0.000285549219136892	0.0150428595726445
"AI847114..phosphate.cytidylyltransferase.2..ethanolamine"	-0.308804335556359	-0.105134656659818	0.173362393374613	0.0441982165881631	0.0068927367557336	-0.0269423447666761
"AW123786..ZW10.interactor"	0.168679558999097	0.431826810666882	0.0528688574384748	-0.328535615038747	0.00140965194240956	0.0605855076200606
"AW120925..GDP.mannose.pyrophosphorylase.B"	-0.145345906521906	-0.371857439617485	-0.198845329401138	-0.191930538001770	-0.00711256524717894	-0.0540027803199659
"AW048332..metastasis.associated.1.like.1"	-0.361421114621708	-0.0909881137667574	0.268440783824103	0.0397069406499261	0.00984001572738439	-0.0304884352213752
"D14883..kangai.1..suppression.of.tumorigenicity.6..prostate..CD82.antigen..R2.leukocyte.antigen..antigen.detected.by.monoclonal.and.antibody.IA4.."	-0.0880566035241457	0.0306600277335052	0.258751889429496	0.156774793755479	0.00746148734770774	-0.0103714844153472
"AI838527..interferon.related.developmental.regulator.2"	-0.258050843242349	-0.081497069397379	0.228309684634079	-0.0254850497173941	0.0052067400828635	-0.03946601263773
"AW045204.."	-0.033691341749209	-0.0819180679109054	-0.407015469142017	-0.258153600758800	-0.0128626764920384	-0.00298053569623944
"AI117848..mannosyl..alpha.1.6...glycoprotein.beta.1.2.N.acetylglucosaminyltransferase"	0.464225049197936	0.205274622654661	-0.619126057071253	-0.785966856385681	-0.023730319096905	0.0442265496908539
"AW046963..U6.snRNA.associated.Sm.like.protein.LSm8"	0.0704358177971323	-0.0460945319405088	-0.988193556424836	-0.387957065729747	-0.0331169617720916	0.0107827957258388
"Y14331..jagged.2"	0.0823155222753959	0.097239891245441	-0.0214893548504187	0.282151216309517	4.79150398257336e-05	0.0207444302421620
"AI462312..Homo.sapiens..clone.MGC.4701.IMAGE.3534250..mRNA..complete.cds."	-0.0303353379991729	0.129167108970782	-0.312544957909347	-0.56355686377485	-0.00700586541446699	0.0356743527132703
"AF001797..glucosidase.I"	0.00433482937612671	-0.196753905348838	-0.560646350889372	-0.506409732752077	-0.0210069078182313	-0.0281312650839536
"AI840376..eukaryotic.translation.initiation.factor.2B..subunit.2..beta..39kD."	-0.100347779206640	0.140422913314793	0.261603942115405	-0.328117038882151	0.00973505950714925	0.0134239494108283
"AJ242663..Cathepsin.Z"	-0.0150187848675210	0.394601979318709	0.637870674393775	0.386865973389344	0.0183856344840696	0.0252512279062339
"AW048484.."	-0.051592890592077	-0.178808159403770	-0.585150508193109	-0.508370440733853	-0.0201836036290952	-0.0204797168025789
"AF030343..enoyl.Coenzyme.A.hydratase.1..peroxisomal"	-0.144309356934516	-0.0143245479636033	0.492206445981948	0.0496683575909624	0.0167491420861892	-0.0147706739889161
"AA710297..hypothetical.protein.FLJ10034"	0.120406644410273	0.0591381506689911	-0.0253060616520518	-0.0146352532872458	-0.00109768870426482	0.0130828559016877
"AW120926..60S.acidic.ribosomal.protein.PO"	-0.147261078894057	0.0434120694618828	0.381899275259598	-0.0810963456382144	0.0122332916290725	-0.0104128294998951
"D87900..ADP.ribosylation.factor.3"	-0.0331565352927097	0.0280704929538515	-0.160120493115496	-0.0835989270575872	-0.00496703600074897	0.00570105788773337
"AI847050.."	-0.109935651115948	-0.0616982951272925	-0.0400723088206077	-0.212956303786763	0.000108934247817528	-0.00600235106667733
"X60980..Thymidine.kinase.cytosolic"	-0.219761709030463	-0.224644696002096	0.167290073620180	-0.173140626981694	0.00483838678891517	-0.0460493425394149
"AI851815..protein.expressed.in.thyroid"	0.0480124178090131	0.258611485158684	0.50181228598717	-0.0332746814236935	0.0176695125205798	0.0326718998353196
"AV352777.."	0.109008032327897	0.189462516531963	-0.450597687838904	-0.745247677270718	-0.0168525531355041	0.0266398210427663
"AI853663..Homo.sapiens..Similar.to.RIKEN.cDNA.B230118G17.gene..clone.MGC.19604.IMAGE.3622817..mRNA..complete.cds."	-0.182247764617274	-0.237161204416855	-0.204791946830208	-0.124516801812802	-0.00777370015865604	-0.0414908526672394
"AI848330.."	0.283322920045006	0.105218802088436	-0.871711592541687	-0.151960594042570	-0.0277636315421437	0.0470883847260307
"AW060485..CGI.15.protein"	-0.114969283773819	0.0123977300621504	0.114831812062078	0.00437962025830066	0.00408513570564083	-0.0050852615769447
"AI837492..Homo.sapiens..Similar.to.CG8405.gene.product..clone.MGC.4022.IMAGE.2964663..mRNA..complete.cds."	-0.186440394303234	-0.0845694563961197	-0.00887927608470622	0.00258744783923887	0.000455156099542513	-0.0169481066557295
"M21332..RD.RNA.binding.protein"	-0.146531346257785	0.0312937881223489	0.174086958158080	0.0441729930558144	0.00632196467079437	-0.00398091550283038
"AA600645..renin.binding.protein"	-0.0456255545614386	0.0083614388192479	0.140225189327290	0.0582802749727282	0.00435446538400904	-0.00498500626436613
"X70472..v.myb.avian.myeloblastosis.viral.oncogene.homolog.like.2"	-0.101824192952910	0.0450625582368374	0.111001273771508	-0.0843572500671836	0.00243423494878458	-0.00782499445412862
"AW012807..Homo.sapiens.GrpE.like.protein.cochaperone.mRNA..nuclear.gene.for.mitochondrial.product..partial.cds."	0.142799953417697	0.421452726040185	0.481119401733671	-0.0467093566545383	0.0141265375877240	0.0442501144887128
"U07159..acyl.Coenzyme.A.dehydrogenase..C.4.to.C.12.straight.chain"	-0.123155441025130	-0.132191120129396	-0.160315918582188	-0.782289954623927	-0.00627610780827881	-0.0256969889550405
"AI182272.."	0.08337788154806	0.00776287617804781	-0.0950199536438245	-0.0836797451432802	-0.00323052780694927	0.00654928076723917
"AI845580..Homo.sapiens..Similar.to.RIKEN.cDNA.1110029G07.gene..clone.MGC.20204.IMAGE.3622913..mRNA..complete.cds."	0.00637097744358486	0.0552952341978118	0.120048216710360	-0.0266291020192657	0.0043774658564677	0.00746459424022854
"AI835524..HSPC141.protein"	-0.0607436161252384	0.0154626495734285	0.437710216685889	0.0508728010093408	0.0133427244887484	-0.0136244385870633
"D14042..Tyrosine.protein.kinase.ITK.TSK"	-0.176921286048069	-0.293134340846337	-0.388361797429337	-0.185620372015601	-0.0126577156147652	-0.0395057081393486
"X81143..mutS..E..coli..homolog.2..colon.cancer..nonpolyposis.type.1."	-0.334153082839261	-0.0599767872856981	0.373915040685731	-0.00888062155237857	0.013032826988055	-0.0281750933066271
"X17069..FK506.binding.protein.4..59kD."	0.00654774025915524	0.106893167878456	0.233075983068321	-0.160500394930484	0.00572596588948966	0.000307812359947007
"AI839299..KIAA0670.protein.acinus"	-0.0120361852833281	0.0188763235870928	-0.104630055310375	-0.195800127084549	-0.00354301706042999	0.00284242507017605
"X96767..small.nuclear.ribonucleoprotein.polypeptide.C"	-0.116869572384928	-0.0125383915172514	0.406505574056158	-0.0474588669509928	0.0136252370977441	-0.0131931451463249
"K02060..ribosomal.protein.L32"	0.0284166652455778	0.215189456427859	0.585175114899606	0.174871242496288	0.0191223115532076	0.0184429718467891
"AI853219.."	-0.127213064880171	0.0223205494283406	0.270000966001176	-0.186351451763893	0.00910183490824686	-0.00742264799140347
